odomPose	1	0.84294           0   0.0098968	0.98039           0           0
bearing	1	4.1062      2.5811      5.3599      2.9572      5.3406      5.9012      3.4156      5.3908     0.49406     0.60295      2.3008	4.1957      2.5617       5.249       2.953      5.2194      5.8746      3.3786      5.3881     0.66156     0.63076       2.404	12   6  15   8  14  20  11  16   1   2   4
odomPose	2	0.85707    0.036603    0.016044	0.75788           0           0
bearing	2	4.1108      2.6353      5.0124       4.997      5.7505      3.2717      5.2068     0.66569      1.0771      2.3121	4.0812      2.6056      5.1306      5.1532       5.736      3.3385      5.0583     0.71588     0.95017      2.5525	12   6  15  14  20  11  16   1   2   4
odomPose	3	0.56574    0.011003   -0.032708	0.54125           0           0
bearing	3	3.9004      2.6769      3.2327      5.2171     0.86051      1.8935      2.4996      1.4969	3.9854      2.6428      3.1279      5.0508      0.7762      1.9703      2.6532      1.4933	12   6  11  16   1   3   4   2
odomPose	4	0.35397    0.023457   0.0039043	0.31088           0           0
bearing	4	4.0496      2.6971      3.3215      0.9511      2.4172      2.0047       1.956	3.8988      2.6776      3.2883     0.84963      2.3801      2.1111      2.0519	12   6  11   1   4   3   2
odomPose	5	0.061462   0.0044975    0.064563	0.076171   0.0022441    0.035343
bearing	5	3.7045       2.779     0.85485       2.535      2.0434      2.3678      3.0649	3.7948      2.8302     0.90615      2.4122       2.099      2.4528      3.1009	12   6   1   4   2   3  10
odomPose	6	1.0586     0.35668    0.019082	1.2914     0.42307  0.00044458
bearing	6	4.3511      2.4131      3.4176     0.75279      2.3983      1.8705      2.3383       2.956	4.411      2.1819      3.5155     0.67666      2.5349      1.8764      2.5813      2.8341	17   6  12   1   4   2   3  10
odomPose	7	0.81469     0.52876    0.074247	1.0516      0.5419    0.061073
bearing	7	4.0583      3.2458      2.4384      0.4566      2.2588      1.8379      2.2244      2.7839	3.9114      3.2992      2.4301     0.57745      2.3842       1.777      2.0743      2.8247	17  12   6   1   4   2   3  10
odomPose	8	0.60216     0.92151   -0.013744	0.61917     0.82298    0.035343
bearing	8	3.534      2.8128      1.8487     0.45019       1.579      2.2333	3.6732      2.9144      2.0717     0.16129      1.3806      2.2744	17  12   4   1   2  10
odomPose	9	0.47541       0.852    0.016224	0.4094     0.83314   0.0039639
bearing	9	2.7684      1.4012      1.8188      1.6264        2.38       3.618	2.797      1.2671      1.5615      1.7537      2.2798      3.4486	12   1   4   2  10  17
odomPose	10	0.022812     0.61636     0.10167	0.074402     0.77319    0.050894
bearing	10	2.4859      0.8048      1.6802       1.345      3.1071	2.4151     0.95741      1.6557      1.2527      3.0474	12   1   4   2  17
odomPose	11	-0.43265      1.2927    0.064959	-0.19933      1.1729   0.0068497
bearing	11	2.3695     0.63247      1.3303      1.1038      2.8491	2.2331     0.74061      1.4725      1.0432       2.826	12   1   4   2  17
odomPose	12	-0.77289      1.6731   -0.017839	-0.29462      1.4688   0.0019116
bearing	12	2.2543     0.75338      1.1872      1.3169      2.6505	2.2923     0.76408      1.0758      1.2325      2.6279	12   1   2   4  17
odomPose	13	-0.71953      1.2068  -0.0016746	-0.26705      1.2765   0.0005335
bearing	13	2.2717     0.79369      1.4316      1.1279      2.9572	2.3608     0.81344       1.618      1.1325      2.8301	12   1   4   2  17
odomPose	14	-0.76689      1.1362     0.06844	-0.26241      1.0817    0.035343
bearing	14	2.4176      1.5654      1.0463      2.8955	2.3949      1.6069      1.1687      2.7989	12   4   2  17
odomPose	15	-0.7179     0.50527    0.034427	-0.52523      0.7916    0.024544
bearing	15	1.2174      2.0691      2.6656	1.3065      1.8813      2.4901	4  12  17
odomPose	16	-0.65575     0.31877  -0.0019478	-0.48386     0.55244   0.0022939
bearing	16	2.8303      2.1529      2.4646	2.6979      2.1825      2.2921	18  12  17
odomPose	17	-0.48237   -0.027462    0.058183	-0.54391     0.23024    0.035343
bearing	17	2.2675       1.788      1.9316	2.2665       1.666      1.9755	18  12  17
odomPose	18	-1.313    -0.40073   0.0033724	-1.0629     0.21531   0.0019116
bearing	18	0.80067      1.4407      2.0953      2.1109	0.85724      1.4632      2.1055      2.2133	6  12  17  18
odomPose	19	-1.384    -0.47899   0.0053103	-1.3465     0.26043  0.00044458
bearing	19	3.1954     0.84369      1.6126      2.2571      2.3325	3.2406     0.86714      1.6311      2.1396      2.2528	19   6  12  17  18
odomPose	20	-0.95847    -0.38396    0.020912	-1.1556     0.18612    0.035343
bearing	20	3.257     0.94354      1.7576      2.1626      2.1871	3.1971      0.8914      1.8366      2.2645      2.1472	19   6  12  17  18
odomPose	21	-0.77929    -0.53329    0.069794	-0.99172    -0.12076    0.017044
bearing	21	0.938      1.6109      2.0857      3.0909      5.5846	0.80212      1.6823      2.0227      2.9239      5.6556	6  12  17  18  19
odomPose	22	-0.75767    -0.60962   -0.035482	-1.2342    -0.26265   0.0022939
bearing	22	1.8051     0.83955      1.5791      5.3388      6.1613	1.8597     0.83825      1.6447      5.4023      6.1454	15   6  12  18  19
odomPose	23	-0.8387     -0.6158   -0.018642	-1.01    -0.22714  0.00037049
bearing	23	1.9352     0.98864      1.6749      5.1337      6.0583	1.8961     0.93409      1.7353      5.1437      6.1016	15   6  12  18  19
odomPose	24	-0.65833    -0.44916   -0.016839	-0.79599    -0.18067  4.1552e-05
bearing	24	2.0027       1.156      1.8042      4.8372      5.9962      1.6989	1.8708     0.98321      1.8373      4.8346      6.0498       1.716	15   6  12  18  19   9
odomPose	25	-0.44484    -0.26455    -0.00948	-0.5798    -0.13174  2.2475e-06
bearing	25	1.5586      2.0918      1.9525      1.2267      1.8462      4.4703      6.0326      1.5993	1.5735       1.917      1.9206      1.0769      2.0003       4.499      5.9618      1.7707	8  15  14   6  12  18  19   9
odomPose	26	-0.40677    -0.43808    0.063837	-0.58038    -0.27508    0.073287
bearing	26	1.2509       1.996      5.9518      1.7747      1.6536      1.1103      1.6847      4.1353      5.7577      1.5379	1.3971      1.9402      5.9604      1.7592       1.609      1.2075      1.7716      4.0426      5.5996      1.5948	8  15  20  14  11   6  12  18  19   9
odomPose	27	-0.39192     -0.8853   -0.010872	-0.54009    -0.61243   0.0057081
bearing	27	1.5578      6.3013      1.5205      1.4056     0.91921      1.4457       4.813      5.2544      1.1309         1.1	1.5725      6.2546      1.5637       1.426     0.93913      1.4125      4.8171      5.4889      1.2447      1.0273	15  20  14  11   6  12  18  19   9   8
odomPose	28	-0.26698    -0.85055  -0.0018588	-0.67665    -0.81474  0.00076824
bearing	28	6.4262      1.6512      1.5319      1.1534      1.5688      5.2801      5.9825      1.3405      1.3152       2.365	6.2662      1.6686       1.468      1.0476      1.5013      5.3175      6.2166      1.2739      1.2545      2.3724	20  14  11   6  12  18  19   9   8  15
odomPose	29	-0.2001    -0.63728   0.0031403	-0.52044      -0.632  7.1803e-05
bearing	29	6.2498      1.7037      1.5488      1.3151      1.5594      5.1397      6.2176      1.4381      2.3275      1.4294	6.1971      1.7994      1.5989      1.3323      1.4912      5.1291      6.2537      1.4196      2.4192      1.5529	20  14  11   6  12  18  19   9  15   8
odomPose	30	-0.11643     -0.5976    0.054914	-0.30774    -0.52473    0.061073
bearing	30	6.2515      1.8428       1.538      1.1066      1.5461      4.6842      5.8605       1.295      1.2598      2.2238	6.0713      1.7532      1.5387        1.23      1.4728      4.7793      6.0149      1.3773      1.3774      2.3016	20  14  11   6  12  18  19   9   8  15
odomPose	31	0.21007    -0.46359   0.0021513	0.014352    -0.48903    0.017044
bearing	31	1.0875     0.78845      1.1057       5.365      5.7466     0.96295      2.8847     0.87252      6.0732      2.4321	1.1317     0.69657      1.2572       5.373      5.7805      1.0078      2.9102     0.95379      5.9684      2.6375	11   6  12  18  19   9  15   8  20  14
odomPose	32	0.41866    -0.72853    0.001299	0.12222    -0.93668  0.00030874
bearing	32	1.2363      1.3296     0.80514      5.0943      5.5314       1.034      2.8691      1.0228        5.76      2.6747	1.2714      1.3264     0.77256      5.0028      5.5215     0.94983      2.8712     0.91977      5.7513      2.6024	11  12   6  18  19   9  15   8  20  14
odomPose	33	0.38832    -0.55375    0.073617	0.20835    -0.69987    0.061073
bearing	33	0.24614       2.626     0.85641      6.1453      1.2805      3.5996     0.97204      6.2869      3.4027      4.5113      1.5392	0.23486       2.499     0.83092      6.2427       1.232      3.6374     0.92051      6.2481      3.6071      4.5224      1.6326	1  12   6  19   9  15   8  20  14  16  11
odomPose	34	0.68191    -0.39262    0.021128	0.38686    -0.44187    0.011836
bearing	34	-0.021457      2.4266     0.45692      5.8368      1.1276      3.9916     0.72777      6.1054      3.1941      4.4112      1.9403	0.058995      2.3887     0.37535      5.7489       1.242      3.9146     0.87497      6.0878       3.141      4.4556      2.1215	1  12   6  19   9  15   8  20  14  16  11
odomPose	35	0.69391    -0.30427   -0.016431	0.57809    -0.57631   0.0005335
bearing	35	0.024866     0.36812      3.0782     0.54225      6.0667      1.7032      4.1612      1.2405      6.3934      3.6008      2.3932      4.1893	0.030523     0.35335      3.0935     0.52486      6.0014      1.6105      4.0854      1.2337       6.275      3.6835      2.4235       4.217	1   4  12   6  19   9  15   8  20  14  11  16
odomPose	36	0.63182    -0.29157   0.0047351	0.41411    -0.41032  2.4047e-05
bearing	36	0.2941    -0.12567     0.53231      3.1319     0.63454       5.879      3.9171      1.2434      6.3739      3.5188      2.6045      4.0318	0.17985    0.030004     0.40053      3.0964     0.59458      5.9739      3.8634      1.2954      6.2711      3.5722      2.5089      3.9172	2   1   4  12   6  19  15   8  20  14  11  16
odomPose	37	0.44078    -0.12855     0.10218	0.29601    -0.25747    0.042412
bearing	37	-0.0053329     0.36712     0.55858       3.067     0.96285      6.1141      3.8036      2.1503      6.1476      3.4991       2.991      4.1805	0.12438     0.41098     0.35832      3.0406       1.117      6.2505      3.6945      2.2189      6.2052      3.6748      3.0356       4.132	1   2   4  12   6  19  15   8  20  14  11  16
odomPose	38	1.23    0.035321   -0.021792	0.89274    -0.45455    0.001593
bearing	38	0.012984     0.20587     0.37954      3.2251      1.1363      3.7276      2.2699      3.3056      6.2211      2.8311      5.0547	0.12295     0.20497     0.41316      3.1869      1.0878      3.6341      2.1244      3.3801      6.1593      2.8332      4.9858	1   2   4  12   6  15   8  14  20  11  16
odomPose	39	0.82291    0.031036    0.038075	0.7206    -0.23911    0.029452
bearing	39	0.0023523      0.1434     0.97874      3.2109      2.0582      4.6039      2.3722      3.4312      6.2386      3.0354      5.3921	0.11415     0.11192      1.0326      3.1936      1.9671       4.622      2.2543      3.3307      6.2645      3.0325      5.3768	1   2   4  12   6  15   8  14  20  11  16
odomPose	40	0.86959     0.21415   0.0047456	0.88786    -0.13886   0.0019116
bearing	40	1.899      3.1989      2.2436      5.7014      2.5848      6.2088      5.0172      3.1271      5.7229     0.94493     0.88363     0.18862	1.8727       3.148      2.1624      5.5756       2.624      6.2342      5.1291      3.0362      5.5273      1.0377     0.89083     0.23973	4  12   6  15   8  20  14  11  16   3   2   1
odomPose	41	0.94583     0.36952   -0.019041	1.0325    -0.15132  0.00030874
bearing	41	1.879      3.1522      2.3199      5.4858      6.2755      5.0308      3.1026       5.574       2.316      1.2829     0.25875     0.91519	1.9362      3.1383      2.2261      5.4395      6.2064      5.0212      3.0408       5.484      2.3291      1.2437     0.30428     0.93801	4  12   6  15  20  14  11  16   5   3   1   2
odomPose	42	0.99991     0.27114   -0.060456	0.81719    -0.25493   -0.061073
bearing	42	0.62548      1.7004      3.2452      2.4774      3.0836      3.9748      5.4094      2.6093      1.0088      2.0919    -0.12312	0.58126      1.6197      3.2931      2.4404      3.2026      4.1657      5.5573      2.5856      1.1493      2.1535    0.063672	2   4  12   6  11  14  16   7   3   5   1
odomPose	43	0.74112     -0.2472    -0.14921	0.51901    -0.55537   -0.098175
bearing	43	0.40099     0.27383     0.70057      3.3376      1.7588      3.7015       3.268      3.7502      2.1489     0.70014      1.1689	0.44106     0.10965      0.7367      3.3083      1.6992      3.7107      3.3861      3.7083      2.2455     0.62103      1.2515	2   1   4  12   6  14  11  16   7   3   5
odomPose	44	0.32415    -0.58835   -0.026492	0.10922    -0.66608   -0.081812
bearing	44	0.63012      1.3516     0.35568     0.91319     0.13133      3.7991        2.09       3.503      4.1115      2.2494	0.7104      1.3301     0.30828      1.0553      0.3474      3.8871       2.035      3.5618      4.2695       2.316	3   5   2   4   1  12   6  11  16   7
odomPose	45	0.081318    -0.52113   -0.018011	-0.14653    -0.47964  -0.0053101
bearing	45	2.6911      1.5054      0.7987     0.79691       1.255     0.36252      4.0563      1.9651      3.7748      4.6235	2.8042      1.5956      0.8869     0.83395      1.2308     0.31963      4.0823      2.0958      3.7241      4.5523	7   5   3   2   4   1  12   6  11  16
odomPose	46	-0.063357    -0.35198   -0.064981	-0.2044    -0.26857   -0.014204
bearing	46	3.1189      2.0212      1.2686      1.1759      1.7977     0.68021      4.1788      2.8984      3.9993      4.8016	3.1439      2.0271       1.354      1.2829      1.6526     0.71702      4.2909      2.6479      4.0474      4.8417	7   5   3   2   4   1  12   6  11  16
odomPose	47	-0.22431    -0.51641    -0.03833	-0.45621    -0.37262   -0.042412
bearing	47	3.3218      2.3113      1.7346      1.4831      1.8803      1.0042      4.4041      2.9661      4.3452       4.935	3.3636      2.3354      1.7442      1.6529      1.9652      1.0477      4.4904      2.9722      4.4686      5.0041	7   5   3   2   4   1  12   6  11  16
odomPose	48	-0.29335    -0.28084   -0.046249	-0.4142    -0.11203   -0.035343
bearing	48	5.1768      3.3616      2.3976      2.1301      1.5346      2.2223    0.098441      4.5387      2.8147      4.1641      4.8269	5.1654       3.392      2.4405      2.1841      1.5806      2.2849    0.040993      4.6146      2.7966      4.1616      4.8369	16   7   5   3   2   4   1  12   6  11  14
odomPose	49	-0.69417    -0.41494   0.0028378	-0.9021   -0.054246  -0.0013275
bearing	49	5.4141      3.4999      2.7443      2.3981      1.9809     0.33067      2.5499       4.753      2.8354      5.0439      4.4288      5.5807	5.5106      3.5304       2.579      2.4799      1.9253     0.30392      2.6833      4.7619      3.0152      4.9182      4.2516      5.5803	16   7   5   3   2   1   4  12   6  14  11  20
odomPose	50	-0.52468    -0.30988    0.018616	-0.65741   -0.034563 -7.1803e-05
bearing	50	5.2125      3.5035      2.7214      2.6252      2.0885      2.6815       0.621      4.4672      3.1986      4.0055      4.9638      5.6069	5.1992      3.4716      2.7285      2.5736      2.0878      2.6668     0.48385      4.6985      3.0335      4.1306      4.9044      5.4372	16   7   5   3   2   4   1  12   6  11  14  20
odomPose	51	-0.41716    -0.26717    0.023346	-0.41691   -0.021742 -1.0839e-06
bearing	51	5.1705      3.4239      2.7989      2.6146      2.2266     0.83096      2.7642      4.5424      3.1051      4.0125      4.8364      3.6735      5.3722	5.0953      3.4246      2.7271      2.6405      2.2178     0.95239      2.7604      4.6294      3.0426      4.0228       4.823      3.6466      5.3911	16   7   5   3   2   1   4  12   6  11  14   8  20
odomPose	52	-0.21465    -0.15491   0.0017058	-0.19259   -0.010042 -8.8492e-10
bearing	52	5.0137      3.4005      2.3231      1.8074      2.7726      3.0686      3.9441         4.8      5.2594      3.4505	4.8627       3.391      2.3195      1.9497      2.6908      3.0495      3.9366      4.7454      5.2466      3.5708	16   7   2   1   4   6  11  14  20   8
odomPose	53	-0.0075148  -0.0088523    0.025049	-0.0049386 -0.00025751 -1.9878e-24
bearing	53	4.8692      3.4527      2.4223      3.1961      4.7692      3.8899      3.4982      4.6815      5.2209	4.6601      3.3684      2.4956      3.0546      4.8956      3.8741      3.5372        4.68      5.1549	16   7   1   6  15  11   8  14  20
odomPose	54	0.0032363  -0.0085013   0.0098714	-2.5705e-32 -1.3403e-33 -4.8554e-294
bearing	54	4.957      3.2356      2.2664      3.0153      3.8886      4.7485      5.1169      3.5088      4.7355	4.8931      3.3678      2.5043      3.0547      3.8726      4.6548      5.0529      3.5362      4.5112	16   7   1   6  11  15  20   8  14
